map = [[ 3.09016994e-01,  9.51056516e-01,  0.00000000e+00],
       [ 5.87785252e-01,  8.09016994e-01,  0.00000000e+00],
       [ 8.09016994e-01,  5.87785252e-01,  1.78571429e-01],
       [ 9.51056516e-01,  3.09016994e-01,  1.78571429e-01],
       [ 1.00000000e+00,  6.12323400e-17,  0.00000000e+00],
       [ 9.51056516e-01, -3.09016994e-01,  0.00000000e+00],
       [ 8.09016994e-01, -5.87785252e-01,  1.78571429e-01],
       [ 5.87785252e-01, -8.09016994e-01,  1.78571429e-01],
       [ 3.09016994e-01, -9.51056516e-01,  0.00000000e+00],
       [ 1.22464680e-16, -1.00000000e+00,  0.00000000e+00],
       [-3.09016994e-01, -9.51056516e-01,  1.78571429e-01],
       [-5.87785252e-01, -8.09016994e-01,  1.78571429e-01],
       [-8.09016994e-01, -5.87785252e-01,  0.00000000e+00],
       [-9.51056516e-01, -3.09016994e-01,  0.00000000e+00],
       [-1.00000000e+00, -1.83697020e-16,  1.78571429e-01],
       [-9.51056516e-01,  3.09016994e-01,  1.78571429e-01],
       [-8.09016994e-01,  5.87785252e-01,  0.00000000e+00],
       [-5.87785252e-01,  8.09016994e-01,  0.00000000e+00],
       [-3.09016994e-01,  9.51056516e-01,  1.78571429e-01],
       [-2.44929360e-16,  1.00000000e+00,  1.78571429e-01],
       [ 2.30915635e-01,  3.17828105e-01,  8.21428571e-01],
       [ 3.73629346e-01,  1.21399534e-01,  8.21428571e-01],
       [ 3.73629346e-01, -1.21399534e-01,  8.21428571e-01],
       [ 2.30915635e-01, -3.17828105e-01,  8.21428571e-01],
       [ 4.81111243e-17, -3.92857143e-01,  8.21428571e-01],
       [-2.30915635e-01, -3.17828105e-01,  8.21428571e-01],
       [-3.73629346e-01, -1.21399534e-01,  8.21428571e-01],
       [-3.73629346e-01,  1.21399534e-01,  8.21428571e-01],
       [-2.30915635e-01,  3.17828105e-01,  8.21428571e-01],
       [-9.62222485e-17,  3.92857143e-01,  8.21428571e-01]]
